#  tags  masses  positions  velocities  acceleration 
#  [  1.   2.   3.   4.   5.   6.   7.   8.   9.  10.  11.  12.  13.  14.
  15.  16.  17.  18.  19.  20.  21.  22.  23.  24.  25.  26.  27.  28.
  29.  30.  31.  32.  33.  34.  35.  36.  37.  38.  39.  40.  41.  42.
  43.  44.  45.  46.  47.  48.  49.  50.  51.  52.  53.  54.  55.  56.
  57.  58.  59.  60.  61.  62.  63.  64.  65.  66.  67.  68.  69.  70.
  71.  72.  73.  74.  75.  76.  77.  78.  79.  80.  81.  82.  83.  84.
  85.  86.  87.  88.  89.  90.  91.  92.  93.  94.  95.  96.  97.  98.
  99. 100.]  [[1.]
 [1.]
 [1.]
 [1.]
 [1.]
 [1.]
 [1.]
 [1.]
 [1.]
 [1.]
 [1.]
 [1.]
 [1.]
 [1.]
 [1.]
 [1.]
 [1.]
 [1.]
 [1.]
 [1.]
 [1.]
 [1.]
 [1.]
 [1.]
 [1.]
 [1.]
 [1.]
 [1.]
 [1.]
 [1.]
 [1.]
 [1.]
 [1.]
 [1.]
 [1.]
 [1.]
 [1.]
 [1.]
 [1.]
 [1.]
 [1.]
 [1.]
 [1.]
 [1.]
 [1.]
 [1.]
 [1.]
 [1.]
 [1.]
 [1.]
 [1.]
 [1.]
 [1.]
 [1.]
 [1.]
 [1.]
 [1.]
 [1.]
 [1.]
 [1.]
 [1.]
 [1.]
 [1.]
 [1.]
 [1.]
 [1.]
 [1.]
 [1.]
 [1.]
 [1.]
 [1.]
 [1.]
 [1.]
 [1.]
 [1.]
 [1.]
 [1.]
 [1.]
 [1.]
 [1.]
 [1.]
 [1.]
 [1.]
 [1.]
 [1.]
 [1.]
 [1.]
 [1.]
 [1.]
 [1.]
 [1.]
 [1.]
 [1.]
 [1.]
 [1.]
 [1.]
 [1.]
 [1.]
 [1.]
 [1.]
 [1.]
 [1.]
 [1.]
 [1.]
 [1.]
 [1.]
 [1.]
 [1.]
 [1.]
 [1.]
 [1.]
 [1.]
 [1.]
 [1.]
 [1.]
 [1.]
 [1.]
 [1.]
 [1.]
 [1.]]  [[9.48161583e-01 1.73560668e-01 3.79911675e-01]
 [9.07835082e-01 7.63843482e-01 1.35080841e-01]
 [2.46739817e-01 9.55483193e-01 3.01497724e-01]
 [7.24213639e-01 8.74236381e-01 7.70559251e-01]
 [6.91904543e-01 8.88613123e-01 7.89617061e-01]
 [9.32821139e-01 8.42572461e-01 9.08699640e-02]
 [5.71168167e-01 7.72988153e-01 2.75994465e-01]
 [8.03177802e-02 8.02950072e-02 4.78168467e-01]
 [8.59139183e-01 6.60806455e-01 9.63253442e-01]
 [1.34172762e-01 9.44299864e-01 3.39316373e-01]
 [4.81882386e-02 7.43638726e-01 2.63338998e-02]
 [1.08475362e-01 5.97864059e-03 9.56331346e-01]
 [9.53668665e-01 2.20270752e-01 2.66016717e-02]
 [5.21100228e-01 9.33472983e-01 2.23352126e-01]
 [9.53386775e-01 3.43206906e-01 2.83551043e-01]
 [8.80683273e-01 5.23562704e-01 9.34246322e-01]
 [8.13767566e-01 9.68867052e-01 4.70640029e-01]
 [4.75411613e-02 8.30737067e-01 2.15483977e-01]
 [4.20431475e-01 2.01000645e-01 1.00023197e-01]
 [4.61438440e-01 6.91597218e-01 2.77902027e-01]
 [2.95221080e-01 4.55967782e-02 2.22811311e-01]
 [3.69622509e-02 4.28316840e-01 8.06862188e-01]
 [8.95363344e-01 9.33170600e-01 5.24299146e-01]
 [9.13254532e-01 1.79615709e-01 7.91652760e-01]
 [2.26315651e-01 7.63885084e-01 8.82628923e-01]
 [7.36855535e-01 5.25692670e-01 5.10758473e-01]
 [6.34162678e-01 8.02530469e-01 1.76674362e-01]
 [1.76082102e-01 6.79952509e-01 4.57097416e-01]
 [9.15067492e-01 5.71190724e-01 5.43938321e-01]
 [1.18763485e-01 2.93236355e-01 3.10982072e-01]
 [6.80232653e-01 8.19653784e-02 8.05614436e-01]
 [6.76294275e-01 6.52618622e-01 2.25440146e-01]
 [4.80155090e-01 3.10540712e-02 1.84640081e-01]
 [6.31829982e-01 2.80140043e-01 3.21121249e-01]
 [2.87230183e-01 5.32160761e-01 7.25033277e-01]
 [9.35799154e-01 9.61331242e-01 6.49823689e-01]
 [1.71455590e-01 7.76501102e-01 5.93977763e-01]
 [3.34856102e-01 9.53036835e-02 6.49130891e-01]
 [6.91533595e-01 4.30515236e-01 5.54114407e-01]
 [8.60544523e-01 4.92561181e-01 5.50757066e-01]
 [8.01796512e-01 7.83104728e-01 1.71166641e-01]
 [6.63044464e-01 7.43442982e-01 5.36839832e-01]
 [1.47596566e-02 8.62464979e-01 2.79990261e-01]
 [5.63745466e-01 6.28534196e-01 2.70380800e-01]
 [9.62568330e-01 8.50900890e-01 3.43756349e-02]
 [1.58326543e-01 3.89834229e-01 5.67478855e-01]
 [7.15539034e-01 8.63345203e-01 1.70485538e-01]
 [6.08500853e-01 2.79434728e-01 7.52491695e-01]
 [9.93053156e-01 6.76825053e-02 7.84253490e-02]
 [9.24185569e-01 3.90232886e-01 1.27881393e-01]
 [9.05925753e-01 6.91477214e-01 4.09049488e-01]
 [6.95744624e-01 9.56590135e-01 3.11056980e-01]
 [1.83758586e-01 3.93615912e-01 8.80196868e-01]
 [8.66621957e-01 7.72992619e-01 6.00120468e-01]
 [4.33954873e-01 4.17317348e-02 1.30520150e-01]
 [1.41241322e-01 6.06552375e-01 7.64262028e-01]
 [4.24049084e-01 6.35616268e-01 4.80757914e-01]
 [1.66049655e-01 3.78390815e-01 5.85068135e-01]
 [4.76069214e-01 1.21098028e-01 6.02019782e-01]
 [7.19167893e-02 4.56664304e-01 9.34302814e-01]
 [6.32160664e-01 2.51926156e-02 3.32408381e-01]
 [7.25568446e-01 7.54026527e-02 1.10673675e-01]
 [8.96188859e-01 8.29452397e-01 4.84288984e-01]
 [2.00840538e-01 6.45046039e-01 6.34178283e-01]
 [9.21713478e-01 6.86789387e-01 6.47037091e-01]
 [5.39401450e-01 2.94957031e-01 9.39522453e-01]
 [1.01292684e-01 4.26615263e-01 1.92194203e-03]
 [2.13473263e-01 9.64122080e-01 8.00608312e-01]
 [4.15758945e-01 3.97449682e-01 5.86407757e-02]
 [8.46701274e-01 1.96398815e-01 4.54876829e-01]
 [4.32564142e-01 3.86005609e-02 4.48545272e-01]
 [5.41530250e-01 8.79305092e-01 8.17523414e-01]
 [2.20457004e-01 1.34656380e-01 4.86381154e-01]
 [6.65782283e-01 7.37608091e-02 7.79356194e-01]
 [2.97073037e-01 1.99122846e-03 3.91774439e-01]
 [2.90682309e-01 4.99321315e-01 4.00181874e-01]
 [6.02673099e-01 4.42125870e-03 7.18053145e-01]
 [5.29958594e-01 7.81472546e-01 1.71116646e-01]
 [4.87660901e-01 8.85180126e-01 1.84989064e-01]
 [1.30614423e-02 7.90840321e-01 7.07489650e-02]
 [5.97693091e-01 8.85770507e-01 6.21953821e-01]
 [8.64010417e-01 1.75918573e-01 1.25626210e-01]
 [5.25719604e-01 8.13519248e-01 6.73998739e-01]
 [1.99628775e-01 6.83530004e-01 7.60250432e-01]
 [5.30817073e-01 4.89145642e-01 2.55212854e-01]
 [2.28615005e-01 3.20449233e-01 5.70496106e-01]
 [3.22099856e-01 8.96189005e-01 3.21843462e-01]
 [8.56612641e-01 2.43074561e-01 9.83546550e-01]
 [5.50794606e-01 2.83720045e-01 9.66313243e-01]
 [9.50656017e-01 2.21615010e-01 1.31953636e-01]
 [7.42723526e-01 7.23723495e-01 3.62785660e-01]
 [8.03113037e-01 5.73626538e-01 6.83316603e-01]
 [6.95211025e-05 3.86334886e-01 7.43602198e-02]
 [7.07861041e-01 1.01586254e-01 5.88311975e-01]
 [8.00842217e-01 9.47387213e-01 1.34509538e-01]
 [1.80452617e-01 1.32772383e-01 3.27829626e-01]
 [5.10018909e-01 4.33599530e-01 8.77071168e-01]
 [3.32114777e-01 1.84363108e-01 2.98164013e-01]
 [9.12928450e-01 9.55868211e-01 1.94803356e-01]
 [3.43953391e-01 4.88281985e-01 9.94800554e-01]
 [2.02425548e-01 5.96621177e-01 3.83152023e-02]
 [1.40079587e-01 8.03873682e-01 5.85018462e-01]
 [2.40554488e-01 6.16521277e-02 2.07431070e-01]
 [8.31090628e-01 8.81433160e-01 8.08572588e-01]
 [8.99893526e-01 4.28730409e-01 3.15537772e-01]
 [1.58229574e-01 8.35388590e-01 5.33202876e-01]
 [5.79543545e-01 5.12419953e-01 1.01922422e-01]
 [9.06168253e-01 6.15574171e-01 6.75630785e-01]
 [4.46557276e-01 3.18888157e-01 5.95113901e-01]
 [2.31096537e-02 8.63712508e-01 2.01210980e-01]
 [8.39971175e-01 1.45318172e-01 2.33292692e-01]
 [5.26497150e-01 7.63467949e-01 8.85215124e-01]
 [1.15068309e-01 5.71875116e-01 2.01955945e-01]
 [4.51391786e-01 5.77644892e-01 2.66377050e-01]
 [3.20710516e-02 2.11558015e-01 4.01677832e-01]
 [8.78451653e-01 6.25597886e-01 7.26455694e-01]
 [8.33173967e-02 2.15634030e-01 6.57304778e-01]
 [4.29039145e-02 6.85745816e-01 2.39907199e-01]
 [2.88305010e-01 2.07839830e-01 4.62839176e-01]
 [1.67611920e-01 3.54017224e-01 3.96025396e-01]]  [[0.14952472 0.7044883  0.46996658]
 [0.17544299 0.76770496 0.76978982]
 [0.8468158  0.17559784 0.29877026]
 [0.1639147  0.97020041 0.12054729]
 [0.66186524 0.13262961 0.66698437]
 [0.55139811 0.16675218 0.738015  ]
 [0.62354861 0.48056806 0.49245735]
 [0.57087507 0.12803092 0.31329115]
 [0.73763905 0.44368703 0.91481809]
 [0.37600527 0.29253173 0.8557081 ]
 [0.52535848 0.6914539  0.08393265]
 [0.56480909 0.9256898  0.20300582]
 [0.59432811 0.22243167 0.1667343 ]
 [0.18165108 0.20742541 0.89856894]
 [0.02454684 0.22728234 0.2556766 ]
 [0.37618424 0.92356895 0.35780435]
 [0.4531278  0.64744604 0.54183749]
 [0.22629714 0.0055905  0.85329717]
 [0.14856962 0.96658886 0.99105647]
 [0.82267917 0.61502627 0.40362024]
 [0.286636   0.27700001 0.4820971 ]
 [0.76851488 0.19869171 0.68148708]
 [0.75098638 0.74522688 0.28774033]
 [0.93112936 0.71146851 0.31683132]
 [0.87094653 0.51888049 0.63779202]
 [0.7463802  0.14084529 0.51451817]
 [0.78954082 0.70648124 0.53413064]
 [0.27499945 0.2771957  0.23167596]
 [0.21794591 0.64184795 0.32273275]
 [0.94042043 0.99905074 0.77114532]
 [0.6578138  0.54125038 0.44929993]
 [0.68028708 0.34246913 0.21758934]
 [0.0192162  0.23808126 0.97174377]
 [0.22490301 0.94720072 0.46077042]
 [0.27448429 0.90177177 0.44887409]
 [0.46617283 0.51820694 0.9462608 ]
 [0.71642181 0.07034363 0.96230097]
 [0.34634405 0.31531128 0.50617705]
 [0.43809631 0.63424713 0.68144948]
 [0.87558513 0.48138601 0.91206945]
 [0.8027806  0.63658001 0.83847736]
 [0.45793766 0.21125026 0.3726283 ]
 [0.33425446 0.29107121 0.96112902]
 [0.48815402 0.80847936 0.29008468]
 [0.47729214 0.35419415 0.21155141]
 [0.63654939 0.40271849 0.18663155]
 [0.39676695 0.99304908 0.85647976]
 [0.49848668 0.36116399 0.89821455]
 [0.50489471 0.187004   0.14975628]
 [0.49146492 0.83466586 0.51573882]
 [0.51342197 0.85405744 0.45051673]
 [0.17003635 0.70066291 0.32074863]
 [0.33304031 0.02835547 0.57470557]
 [0.89079722 0.51834696 0.23426491]
 [0.36030365 0.23171115 0.06504052]
 [0.44930595 0.45936715 0.85143687]
 [0.48462747 0.19136044 0.45161438]
 [0.85237216 0.17733772 0.40995086]
 [0.64501396 0.72536434 0.85934476]
 [0.85688967 0.10201373 0.98474182]
 [0.88488519 0.01478026 0.48932983]
 [0.94473542 0.38036494 0.16415129]
 [0.05114306 0.06722285 0.15225996]
 [0.80218217 0.57006143 0.02492407]
 [0.00532038 0.10400831 0.55231155]
 [0.05830824 0.7933089  0.98367172]
 [0.88697831 0.01060565 0.12278635]
 [0.82033622 0.54674759 0.46860024]
 [0.89440252 0.18601121 0.01784841]
 [0.98750627 0.04537224 0.1574477 ]
 [0.01451973 0.53618424 0.18580121]
 [0.18171776 0.21499941 0.74942492]
 [0.96856987 0.57573095 0.41280371]
 [0.23167189 0.51517946 0.61897023]
 [0.81836889 0.59452287 0.10592118]
 [0.00948315 0.45316833 0.72539997]
 [0.83588957 0.3352286  0.56967299]
 [0.57856967 0.14901898 0.0511557 ]
 [0.83516927 0.24161088 0.31468588]
 [0.30986585 0.87634266 0.85398564]
 [0.74029913 0.48532327 0.14866836]
 [0.75231419 0.68266414 0.20048873]
 [0.58953311 0.19925854 0.55575697]
 [0.76092511 0.59436946 0.80542627]
 [0.17305329 0.33270744 0.75176655]
 [0.73905766 0.80397471 0.8725503 ]
 [0.25605871 0.08623484 0.83914773]
 [0.25975307 0.14770911 0.26878909]
 [0.3006114  0.81132686 0.61022298]
 [0.69876623 0.34417453 0.43307442]
 [0.87437198 0.47912396 0.92527895]
 [0.37328707 0.22006073 0.51674794]
 [0.64092184 0.06827427 0.46166193]
 [0.95302008 0.11634723 0.02806139]
 [0.69395364 0.10165059 0.1523173 ]
 [0.52244464 0.10534834 0.40053884]
 [0.69319906 0.28952815 0.96430473]
 [0.15721872 0.06980404 0.88837272]
 [0.62839307 0.50441424 0.78875875]
 [0.43287443 0.8658095  0.62476691]
 [0.57719683 0.26288404 0.07305154]
 [0.83592936 0.43604258 0.24894871]
 [0.65607228 0.26070731 0.76227118]
 [0.04739359 0.22619905 0.03586251]
 [0.0726916  0.65335229 0.06402723]
 [0.29077828 0.68436772 0.44415756]
 [0.9056028  0.00332108 0.52955383]
 [0.06596171 0.26308432 0.99132465]
 [0.4653146  0.98447526 0.34373202]
 [0.44907448 0.55223415 0.53786721]
 [0.69390642 0.95287123 0.99157986]
 [0.91558056 0.4450503  0.46632457]
 [0.10399409 0.69137555 0.81828207]
 [0.1182067  0.62832415 0.6719939 ]
 [0.59115467 0.91029408 0.28850071]
 [0.61646468 0.67243903 0.75111583]
 [0.8590087  0.85087937 0.65026326]
 [0.7939606  0.22610276 0.52301218]
 [0.987229   0.0864174  0.26957751]
 [0.77943859 0.6285761  0.93426438]]  [[0.44977538 0.15135926 0.18197307]
 [0.63752763 0.87862715 0.19275758]
 [0.34160555 0.34319755 0.04269156]
 [0.85337905 0.41467563 0.93623916]
 [0.2789936  0.64424147 0.87514904]
 [0.57658431 0.40582633 0.89578332]
 [0.97528926 0.41157269 0.84561489]
 [0.51388309 0.77817465 0.54010027]
 [0.02620586 0.73757582 0.55625913]
 [0.33349243 0.96164894 0.60694455]
 [0.20569377 0.87206981 0.64995468]
 [0.41644274 0.78194278 0.03526224]
 [0.96817987 0.68269121 0.52055953]
 [0.00288811 0.87325439 0.15292493]
 [0.4792232  0.06047686 0.52349445]
 [0.80069216 0.31385103 0.23215633]
 [0.29535581 0.00234045 0.33557416]
 [0.62864909 0.78137474 0.32795146]
 [0.96053428 0.2105608  0.46922915]
 [0.26318864 0.02151784 0.4242423 ]
 [0.41845112 0.66976612 0.85599932]
 [0.61168622 0.01180979 0.28755227]
 [0.58838498 0.38075    0.63414717]
 [0.07130431 0.57344822 0.75219445]
 [0.3628252  0.66338975 0.50401161]
 [0.06944686 0.08388036 0.34641919]
 [0.19044182 0.6686779  0.2451128 ]
 [0.57634915 0.08574203 0.1882034 ]
 [0.29420641 0.42899381 0.31661472]
 [0.97745821 0.60392525 0.8512896 ]
 [0.78816303 0.18287111 0.0302226 ]
 [0.08615163 0.08998174 0.21662841]
 [0.4762424  0.6209485  0.61735145]
 [0.11331519 0.84100723 0.06957329]
 [0.80856082 0.55927191 0.22334093]
 [0.31169286 0.42150355 0.47808636]
 [0.61560382 0.42295914 0.4588749 ]
 [0.07028554 0.92342108 0.45441589]
 [0.51267348 0.55812886 0.9293021 ]
 [0.77276388 0.14674264 0.65959662]
 [0.68265879 0.789965   0.74736059]
 [0.45316562 0.20283954 0.46941388]
 [0.53568684 0.33106726 0.12868226]
 [0.60664416 0.34897389 0.87806701]
 [0.88401609 0.13306935 0.26852187]
 [0.41487466 0.90904009 0.83507094]
 [0.13344488 0.57097341 0.14445424]
 [0.15124838 0.83847988 0.77711531]
 [0.3286144  0.47213555 0.76429219]
 [0.81347034 0.71451654 0.47056041]
 [0.48514162 0.69944904 0.05161405]
 [0.83976403 0.62565171 0.37191401]
 [0.91217952 0.81295994 0.02407884]
 [0.60260589 0.45530828 0.27831098]
 [0.42283184 0.74808685 0.65752562]
 [0.18419451 0.2416671  0.76321884]
 [0.09559023 0.16740453 0.57830355]
 [0.71500031 0.74844716 0.12083788]
 [0.40114537 0.10494138 0.40325718]
 [0.13498606 0.32813743 0.6239851 ]
 [0.06917369 0.33078186 0.16392374]
 [0.87913865 0.14077938 0.60112481]
 [0.61629858 0.95959182 0.38087724]
 [0.6551234  0.92856284 0.98887484]
 [0.11254192 0.09129502 0.45045458]
 [0.87377502 0.97460266 0.31766592]
 [0.52828819 0.33812495 0.15219406]
 [0.97907853 0.88320567 0.91107851]
 [0.98101504 0.82973074 0.9124861 ]
 [0.85656298 0.8733579  0.89389811]
 [0.87467688 0.40495479 0.23526062]
 [0.00487788 0.15526361 0.77801339]
 [0.11868061 0.81088252 0.82373163]
 [0.23608389 0.04508471 0.68026833]
 [0.48696529 0.87525128 0.77125823]
 [0.82235394 0.75701947 0.70653707]
 [0.82575634 0.38968338 0.78389431]
 [0.7634795  0.42996534 0.16205749]
 [0.97918848 0.98718412 0.07278954]
 [0.98180928 0.4820578  0.64974629]
 [0.58587595 0.76072404 0.39263648]
 [0.16210721 0.0253152  0.36581531]
 [0.29833646 0.40279047 0.82229616]
 [0.05407236 0.3606018  0.264031  ]
 [0.54734613 0.04716274 0.49909602]
 [0.82275698 0.59329085 0.74922561]
 [0.15412285 0.18795408 0.70384919]
 [0.14381266 0.25226318 0.30631358]
 [0.27651238 0.76726851 0.23834442]
 [0.95274544 0.43721944 0.31621916]
 [0.36353006 0.28724391 0.16765958]
 [0.39358343 0.65608305 0.28848066]
 [0.90580188 0.41501336 0.21823465]
 [0.51538182 0.75577329 0.57816415]
 [0.21765091 0.89023246 0.16436636]
 [0.19465529 0.74710374 0.84002   ]
 [0.77549193 0.57924307 0.59081962]
 [0.47474764 0.52042788 0.30925927]
 [0.73566592 0.74371722 0.89428641]
 [0.62036251 0.01950894 0.7838532 ]
 [0.30549104 0.1265975  0.22206128]
 [0.88370004 0.31417642 0.71527915]
 [0.60263118 0.03610478 0.07001649]
 [0.8818062  0.36200835 0.80256843]
 [0.61261675 0.54906059 0.29554003]
 [0.30369693 0.64729512 0.98903782]
 [0.6547041  0.19526316 0.08259488]
 [0.90596694 0.17402036 0.80477027]
 [0.7684869  0.15765255 0.63446215]
 [0.53212824 0.32252512 0.7891292 ]
 [0.21667035 0.85582405 0.1135141 ]
 [0.78753155 0.73457202 0.47865024]
 [0.07915198 0.85591941 0.50455664]
 [0.59026312 0.26804024 0.86559962]
 [0.04017834 0.40335865 0.71271339]
 [0.2863299  0.42768051 0.92092165]
 [0.90207679 0.17091899 0.25962652]
 [0.1768374  0.54162211 0.08600493]
 [0.84737966 0.19854687 0.57860166]
 [0.16378875 0.48391603 0.19192669]] 
